11:(124,215)-(658,540)
12:(59,190)-(735,560);(234,719)-(558,800)
13:(161,264)-(640,453);(239,717)-(564,799)
15:(277,200)-(428,232);(458,355)-(530,373)
16:(105,260)-(689,443);(321,465)-(480,504)
17:(34,236)-(745,429);(39,460)-(231,498)
33:(75,597)-(717,796)
34:(304,82)-(492,174);(337,180)-(496,230)
74:(242,528)-(602,685)
76:(269,481)-(489,569)
82:(350,60)-(684,252)
84:(302,258)-(472,310)
85:(356,325)-(437,378)
87:(79,6)-(206,59);(317,13)-(444,84);(532,10)-(673,55);(734,2)-(796,44);(531,172)-(692,311);(765,397)-(797,511);(0,663)-(34,705)
88:(41,606)-(754,781)
92:(358,387)-(472,517);(631,102)-(675,154);(345,135)-(394,147);(401,175)-(444,203);(422,27)-(450,56);(538,168)-(578,186)
99:(684,217)-(800,303);(191,0)-(459,31);(0,217)-(56,264)
100:(218,510)-(570,543);(621,493)-(651,508);(196,759)-(572,793)
102:(467,22)-(798,116);(181,15)-(261,110)
106:(29,151)-(483,203);(570,58)-(769,128);(269,22)-(787,37);(608,261)-(726,303);(624,469)-(720,504);(622,673)-(719,706);(33,342)-(477,387);(32,550)-(374,592);(31,748)-(438,787)
107:(65,324)-(745,391);(6,723)-(798,792)
108:(18,27)-(791,128);(54,181)-(709,268);(692,283)-(800,516);(643,407)-(693,510);(3,316)-(198,421)
109:(13,572)-(248,754);(286,570)-(516,749);(539,503)-(778,770)
110:(51,29)-(758,131)
112:(197,163)-(620,293)
113:(21,13)-(800,274)
114:(13,162)-(262,210);(118,35)-(178,73);(117,79)-(263,111);(644,39)-(771,68);(401,643)-(508,687);(654,648)-(775,689);(33,639)-(103,690);(664,289)-(723,354);(642,404)-(677,468)
115:(151,447)-(635,508);(82,506)-(702,560);(414,755)-(644,786)
116:(72,44)-(714,181)
117:(53,40)-(708,122);(26,464)-(796,567)
118:(6,1)-(789,110);(15,617)-(785,777)
119:(9,17)-(736,167)
120:(18,16)-(129,169);(341,35)-(398,120);(602,12)-(781,75);(30,338)-(187,368);(481,333)-(556,364);(557,639)-(799,666)
121:(22,1)-(719,118)
122:(73,8)-(707,68);(85,703)-(728,788)
123:(243,32)-(582,107);(220,427)-(605,489)
124:(12,4)-(795,188)
125:(98,12)-(667,160);(230,211)-(350,263);(336,337)-(598,405);(132,599)-(646,708)
126:(171,178)-(630,587);(320,612)-(483,643)
127:(17,12)-(155,88);(238,11)-(772,93);(6,125)-(796,283);(11,724)-(673,747)
128:(221,308)-(577,502);(356,510)-(443,528)
129:(142,90)-(626,589)
130:(13,58)-(280,442);(280,167)-(384,226);(220,500)-(742,661);(314,721)-(739,776)
131:(116,611)-(668,786)
132:(209,410)-(604,454);(3,29)-(69,93);(127,472)-(691,580);(44,576)-(781,677);(225,687)-(594,773)
133:(17,302)-(405,351);(22,359)-(486,786)
134:(38,555)-(577,651);(37,673)-(581,701);(233,740)-(387,774);(70,15)-(151,45)
135:(158,245)-(426,480)
136:(9,19)-(431,510);(432,12)-(499,74);(430,336)-(475,382);(14,753)-(443,796)
137:(503,155)-(668,273);(597,64)-(730,102)
138:(41,196)-(341,607);(86,640)-(300,700)
139:(211,97)-(461,206);(449,409)-(615,567);(43,497)-(193,662);(13,317)-(96,348);(626,314)-(700,343)
140:(11,253)-(587,493)
141:(6,98)-(784,190);(120,16)-(327,47);(145,59)-(239,89);(42,14)-(108,86);(112,551)-(353,625);(14,633)-(790,786)
142:(90,142)-(699,620)
143:(40,79)-(736,612);(49,649)-(383,708);(526,714)-(776,772)
144:(132,101)-(663,715)
146:(167,30)-(660,766)
147:(121,14)-(415,49);(120,69)-(225,105);(15,164)-(795,705)
148:(122,36)-(664,118);(192,223)-(399,276);(123,387)-(327,431);(185,534)-(474,581)
149:(36,155)-(767,547);(148,38)-(556,132);(73,633)-(261,682);(406,619)-(725,688)
150:(9,48)-(704,158);(9,214)-(800,632)
151:(8,124)-(796,347);(9,563)-(789,668);(98,458)-(471,534);(99,7)-(462,93)
152:(97,32)-(277,83);(382,35)-(480,80);(8,146)-(785,368);(96,438)-(278,490);(6,553)-(796,648)
153:(26,98)-(778,203);(71,18)-(217,73);(29,253)-(796,490);(73,543)-(244,598);(38,619)-(770,748)
